date,platform,theme,hook,tags
Day 1,Instagram,产品首发种草,"Meet the smart bottle that shows your drink temperature at a glance — 316 stainless steel, hot for 12 hours.","#SmartBottle,#LEDTemperature,#InsulatedBottle"
Day 2,TikTok,12小时保温挑战,"We tested this bottle for 12 hours — here's what happened to the hot water inside.","#BottleTest,#SmartBottle,#InsulatedBottle"
Day 3,X/Twitter,互动猜温度,"Guess the temperature of this coffee after 6 hours in a smart bottle. Closest answer wins a free one!","#Giveaway,#SmartBottle,#LEDDisplay"
Day 4,Instagram,办公通勤场景,"Your desk needs this — a sleek smart bottle with LED temperature display for all-day hydration.","#OfficeLifestyle,#SmartBottle,#DesktopAccessories"
Day 5,Email,限时优惠转化,"Last chance: get 20% off your smart bottle — free shipping for Japan orders today.","#SmartBottle,#DealAlert,#FreeShipping"
Day 6,TikTok,开箱评测促单,"Unboxing the $29.9 smart bottle that's about to change your workday — link in bio for the offer.","#Unboxing,#SmartBottle,#WorkEssentials"
Day 7,Product Hunt,产品正式发布,"We built the smartest bottle under $30 — LED temperature display, 316 stainless steel, 12h insulation. Your vote matters!","#ProductHunt,#Launch,#SmartBottle"